all_cardiovascular	A07	025	030	035	037	040	045	231	500	541
all_cardiovascular	C14	240	260	280	583	907
all_cardiovascular	G09	188	330
all_cardiovascular_no_neuro	A07	025	030	037	040	045	231	500	541
all_cardiovascular_no_neuro	C14	240	260	280	583	907.150	907.780	907.933	907.585	907.055	907.075	907.077	907.079	907.109	907.137	907.218	907.286	907.303	907.320	907.355	907.760	907.440	907.449	907.454	907.460	907.474	907.489	907.514	907.549	907.601	907.617	907.653	907.690	907.725	907.790	907.795	907.798	907.800	907.823	907.863	907.903	907.927	907.936	907.937	907.940	907.946	907.952
all_cardiovascular_no_neuro	G09	188	330
all_neuro	A08	186	340	511	612	637	675	713	800	850
all_neuro	C10	114	177	228	281	292	314	500	551	562	574	597	668	720	803	886	900
all_neuro	G11	561
all_digestive	A03	159	556	620	734
all_digestive	C06	130	198	267	301	405	552	689	844
all_digestive	G10	261
all_neoplasms	C04	182	445	557	588	619	626	651	666	682	692	697	700	730	834	850
heart	A07	541
heart	C14	280
statins	D27	505.519.186.071.202.370
test	A01	456.505.733
